0 0.0
3 112.62152279558863
6 2218.4537377949773
9 12683.60739679729
12 43699.79080880694
15 114075.50865515937
18 249845.63820203583
21 484778.07225185796
24 860812.0530976668
27 1428447.1795687026
30 2247094.8028844655
33 3385399.6227606013
36 4921536.986736505
39 6943489.933570317
42 9549309.045839889
45 12847357.4984254
48 16956543.201778557
51 22006539.578388143
54 28137996.23814897
57 35502740.607906014
60 44263971.40524168
63 54596444.714914136
66 66686653.32002721
69 80732999.85312565
72 96945964.26065633
75 115548266.01441643
78 136775021.45330814
81 160873896.59609094
84 188105255.7294376
87 218742306.0443411
90 253071238.56690156
93 291391365.60604143
96 334015254.92018217
99 381268860.78691024
